
Project:     refPath
Program:     Inertial Explorer Version 8.90.2124
Profile:     mySetting
Source:      GNSS/INS Epochs(Smoothed TC Combined)
SolFile:      F:\23_08_08\refPath.cts
ProcessInfo: refPath by Unknown on 8/8/2023 at 22:00:18

Datum:       WGS84
Master 1:    Name JZ2, Status ENABLED
             Antenna height 0.000 m, to L1PC [Generic(NONE)]
             Lat, Lon, El Hgt 31 56 25.60950, 118 47 12.28169, 73.463 m [WGS84, N/A]
Remote:      Antenna height 0.000 m, to L1PC [Generic(NONE)]
IMU to GNSS Antenna Lever Arms:
             x=0.000, y=0.984, z=0.961 m (x-right, y-fwd, z-up)
Body to Sensor Rotations:
             xRot=0.000, yRot=0.000, zRot=0.000 degrees (Rotate IMU into Vehicle Frame)
IMU->Secondary Sensor Lever Arms: 
            x=0.000, y=1.984, z=1.151 m (x-right, y-fwd, z-up, IMU->SENSOR)

      Week   GPSTime       Latitude      Longitude        H-Ell     VEast    VNorth       VUp           Roll          Pitch        Heading
   (weeks)     (sec)          (deg)          (deg)          (m)     (m/s)     (m/s)     (m/s)          (deg)          (deg)          (deg)
2274.00000 199292.00  31.9395290903 118.7859434824       21.446     0.000    -0.002     0.002  -0.0410638852  -0.3712709217 156.9934897309
2274.00000 199292.10  31.9395290905 118.7859434823       21.446     0.000    -0.001     0.002  -0.0412990819  -0.3700717945 156.9935477645
2274.00000 199292.20  31.9395290907 118.7859434824       21.446     0.000    -0.002     0.002  -0.0409016418  -0.3695781988 156.9929744085
2274.00000 199292.30  31.9395290904 118.7859434823       21.446     0.000    -0.002     0.002  -0.0406150487  -0.3707854973 156.9933462074
2274.00000 199292.40  31.9395290904 118.7859434822       21.446    -0.000    -0.001     0.002  -0.0408315255  -0.3707798790 156.9937511923
2274.00000 199292.50  31.9395290906 118.7859434821       21.446     0.000    -0.001     0.003  -0.0410542412  -0.3692712990 156.9937241898
2274.00000 199292.60  31.9395290906 118.7859434824       21.446     0.000    -0.002     0.002  -0.0413994915  -0.3699353064 156.9934778179
2274.00000 199292.70  31.9395290906 118.7859434825       21.446     0.000    -0.001     0.002  -0.0413117326  -0.3702241685 156.9931165705
2274.00000 199292.80  31.9395290906 118.7859434826       21.446     0.000    -0.001     0.003  -0.0411953815  -0.3703585574 156.9926431148
2274.00000 199292.90  31.9395290909 118.7859434826       21.446     0.000    -0.002     0.001  -0.0414702314  -0.3688533794 156.9926452139
2274.00000 199293.00  31.9395290906 118.7859434826       21.446     0.000    -0.002     0.002  -0.0412071246  -0.3701250061 156.9927792632
2274.00000 199293.10  31.9395290907 118.7859434827       21.446     0.001    -0.001     0.002  -0.0412067495  -0.3700187950 156.9924735073
2274.00000 199293.20  31.9395290907 118.7859434826       21.446     0.000    -0.001     0.002  -0.0415373519  -0.3696147260 156.9926105620
2274.00000 199293.30  31.9395290905 118.7859434828       21.446     0.001    -0.002     0.002  -0.0413317298  -0.3708821932 156.9923996655
2274.00000 199293.40  31.9395290902 118.7859434829       21.446     0.000    -0.001     0.002  -0.0410819042  -0.3729177739 156.9925125165
2274.00000 199293.50  31.9395290902 118.7859434828       21.446    -0.001    -0.001     0.003  -0.0400638600  -0.3726792199 156.9921140169
2274.00000 199293.60  31.9395290895 118.7859434830       21.446     0.001    -0.004     0.002  -0.0399259750  -0.3764609266 156.9923738287
2274.00000 199293.70  31.9395290873 118.7859434844       21.446     0.001    -0.003     0.003  -0.0411398152  -0.3906621670 156.9924337479
2274.00000 199293.80  31.9395290856 118.7859434850       21.445     0.001    -0.001     0.003  -0.0426254090  -0.4004924096 156.9938166645
2274.00000 199293.90  31.9395290839 118.7859434860       21.445     0.000    -0.001     0.003  -0.0461863154  -0.4109220896 156.9954651498
2274.00000 199294.00  31.9395290832 118.7859434865       21.445    -0.000    -0.001     0.001  -0.0465356321  -0.4156063959 156.9952945479
2274.00000 199294.10  31.9395290835 118.7859434864       21.445    -0.000    -0.001     0.001  -0.0465072354  -0.4135588133 156.9951352840
2274.00000 199294.20  31.9395290834 118.7859434864       21.445     0.000    -0.001     0.002  -0.0466181748  -0.4145989491 156.9952988620
2274.00000 199294.30  31.9395290834 118.7859434865       21.445    -0.000    -0.000     0.003  -0.0469962392  -0.4144180474 156.9951208339
2274.00000 199294.40  31.9395290835 118.7859434865       21.445    -0.000    -0.001     0.002  -0.0473893392  -0.4140795430 156.9953045916
2274.00000 199294.50  31.9395290834 118.7859434862       21.445    -0.001    -0.001     0.003  -0.0471672094  -0.4140850673 156.9960494826
2274.00000 199294.60  31.9395290834 118.7859434866       21.445     0.000    -0.001     0.002  -0.0471693326  -0.4147458408 156.9952067782
2274.00000 199294.70  31.9395290839 118.7859434867       21.445    -0.000    -0.000     0.002  -0.0487665612  -0.4124476858 156.9952684339
2274.00000 199294.80  31.9395290840 118.7859434866       21.445     0.000    -0.001     0.002  -0.0491955688  -0.4116103896 156.9956619047
2274.00000 199294.90  31.9395290840 118.7859434868       21.445     0.001    -0.001     0.001  -0.0499587240  -0.4117446603 156.9954256205
2274.00000 199295.00  31.9395290840 118.7859434869       21.445    -0.001    -0.002     0.001  -0.0497556549  -0.4120827054 156.9952257930
2274.00000 199295.10  31.9395290840 118.7859434869       21.445    -0.000    -0.002     0.002  -0.0497439844  -0.4122385429 156.9951907228
2274.00000 199295.20  31.9395290838 118.7859434869       21.445     0.000    -0.001     0.002  -0.0490527367  -0.4130095351 156.9948157760
2274.00000 199295.30  31.9395290838 118.7859434870       21.445     0.000    -0.001     0.002  -0.0496488583  -0.4133604013 156.9951176222
2274.00000 199295.40  31.9395290838 118.7859434869       21.445     0.000    -0.001     0.002  -0.0496064511  -0.4130585653 156.9951783361
2274.00000 199295.50  31.9395290836 118.7859434871       21.445    -0.000    -0.001     0.001  -0.0485242418  -0.4143738674 156.9944387627
2274.00000 199295.60  31.9395290837 118.7859434869       21.445    -0.000    -0.001     0.001  -0.0482105005  -0.4140305153 156.9945625474
2274.00000 199295.70  31.9395290838 118.7859434870       21.445    -0.000     0.000     0.002  -0.0486924777  -0.4131170116 156.9945233327
2274.00000 199295.80  31.9395290842 118.7859434872       21.445     0.001     0.000     0.001  -0.0498294566  -0.4115574164 156.9942295377
2274.00000 199295.90  31.9395290844 118.7859434873       21.445    -0.000    -0.001     0.001  -0.0512776563  -0.4109333615 156.9945625474
2274.00000 199296.00  31.9395290842 118.7859434874       21.445    -0.000    -0.001     0.001  -0.0510161621  -0.4118764406 156.9942288464
2274.00000 199296.10  31.9395290842 118.7859434872       21.445    -0.000    -0.002     0.001  -0.0500939185  -0.4117464974 156.9943993560
2274.00000 199296.20  31.9395290840 118.7859434872       21.445     0.000    -0.001     0.001  -0.0506157917  -0.4128875571 156.9948868294
2274.00000 199296.30  31.9395290844 118.7859434874       21.445    -0.000     0.000     0.002  -0.0512781277  -0.4113062908 156.9942061966
2274.00000 199296.40  31.9395290847 118.7859434873       21.445    -0.000    -0.001     0.001  -0.0514827950  -0.4095431246 156.9943223567
2274.00000 199296.50  31.9395290843 118.7859434875       21.445    -0.000    -0.001     0.001  -0.0514635508  -0.4115878390 156.9942797350
2274.00000 199296.60  31.9395290842 118.7859434875       21.445    -0.000    -0.001     0.001  -0.0496323598  -0.4125472829 156.9932694922
2274.00000 199296.70  31.9395290842 118.7859434874       21.445    -0.000    -0.000     0.001  -0.0498539539  -0.4122891886 156.9937019437
2274.00000 199296.80  31.9395290842 118.7859434876       21.445     0.000    -0.001     0.000  -0.0504228256  -0.4126602572 156.9934443537
2274.00000 199296.90  31.9395290841 118.7859434877       21.445    -0.001    -0.001     0.001  -0.0497955659  -0.4132863760 156.9929181509
2274.00000 199297.00  31.9395290840 118.7859434875       21.445    -0.001    -0.001     0.001  -0.0475784153  -0.4131942435 156.9922521421
2274.00000 199297.10  31.9395290842 118.7859434875       21.445    -0.000    -0.000     0.001  -0.0468917307  -0.4124327269 156.9917644087
2274.00000 199297.20  31.9395290842 118.7859434877       21.445    -0.001    -0.000     0.002  -0.0483264283  -0.4124238618 156.9920217791
2274.00000 199297.30  31.9395290843 118.7859434876       21.445    -0.002    -0.001     0.001  -0.0488160641  -0.4118367139 156.9923961026
2274.00000 199297.40  31.9395290844 118.7859434874       21.445    -0.001    -0.001     0.001  -0.0477911289  -0.4109564837 156.9923349179
2274.00000 199297.50  31.9395290845 118.7859434874       21.445    -0.001    -0.001     0.001  -0.0482558308  -0.4105647713 156.9923410515
2274.00000 199297.60  31.9395290844 118.7859434875       21.445    -0.001    -0.002     0.000  -0.0481898962  -0.4112544218 156.9922547038
2274.00000 199297.70  31.9395290842 118.7859434876       21.445    -0.001    -0.001     0.001  -0.0479210667  -0.4121435731 156.9921141716
2274.00000 199297.80  31.9395290843 118.7859434875       21.445    -0.001    -0.001     0.001  -0.0477179686  -0.4114257070 156.9921164752
2274.00000 199297.90  31.9395290843 118.7859434876       21.445    -0.001    -0.000     0.002  -0.0479595898  -0.4120760546 156.9921249680

Errors/warnings:
W102: Number of numerical digits larger than allowed width (16315 occurances)

