199290.004000 0.000124 0.000708 0.002150 0.008370 0.132456 -9.719016
199290.012000 -0.000896 0.000205 0.001981 -0.020102 0.126440 -9.825916
199290.020000 0.001306 0.003147 0.001337 0.035085 0.091430 -9.755149
199290.028000 -0.002312 0.001544 0.000074 -0.007772 0.147476 -9.758528
199290.036000 -0.000783 0.003048 -0.000213 0.018757 0.103723 -9.799471
199290.044000 0.000669 0.001038 0.000329 -0.037233 0.166569 -9.770449
199290.052000 -0.000938 0.000011 -0.000447 0.016253 0.108543 -9.746442
199290.060000 0.001940 -0.001512 -0.000176 -0.054813 0.144468 -9.730055
199290.068000 0.000609 -0.001125 -0.000436 -0.034861 0.136864 -9.783133
199290.076000 -0.000063 -0.002468 -0.000104 0.007267 0.102172 -9.745805
199290.084000 0.000925 0.001113 0.001774 -0.040278 0.112765 -9.744052
199290.092000 -0.001938 0.000582 0.000292 -0.007548 0.140321 -9.745482
199290.100000 -0.000068 0.000762 -0.000701 -0.052104 0.158498 -9.720397
199290.108000 0.000787 0.002200 0.002876 -0.029761 0.087058 -9.777716
199290.116000 0.000875 0.002746 0.000092 0.004091 0.153305 -9.683383
199290.124000 -0.002415 -0.000279 -0.000746 -0.000654 0.136715 -9.727734
199290.132000 0.000982 0.000553 0.000316 0.017542 0.102564 -9.723493
199290.140000 -0.000769 0.000060 -0.000265 0.022736 0.174733 -9.739958
199290.148000 -0.002483 -0.000949 -0.000567 -0.023577 0.159134 -9.737450
199290.156000 -0.000042 -0.001141 -0.000315 -0.004988 0.110411 -9.696704
199290.164000 0.000436 -0.000952 0.000189 -0.010481 0.124572 -9.721534
199290.172000 -0.000719 -0.001136 0.002395 0.032114 0.121527 -9.723346
199290.180000 0.001227 0.000641 -0.000197 0.019485 0.144562 -9.743072
199290.188000 -0.000781 0.001348 0.000319 0.051133 0.103274 -9.718360
199290.196000 0.000082 -0.001019 0.001241 -0.007585 0.116221 -9.713394
199290.204000 0.000012 0.000508 -0.000217 -0.031218 0.121807 -9.715226
199290.212000 -0.000380 0.000590 0.001807 0.009995 0.125599 -9.702777
199290.220000 -0.001537 0.003176 -0.001646 -0.010798 0.147084 -9.724227
199290.228000 -0.001910 0.001211 0.000584 0.011732 0.141778 -9.712346
199290.236000 -0.000353 0.001237 0.000787 0.013750 0.113045 -9.688613
199290.244000 -0.000373 -0.000347 0.000375 -0.011732 0.128925 -9.754532
199290.252000 -0.000202 -0.000064 -0.000774 -0.009640 0.137687 -9.694745
199290.260000 -0.002363 0.000102 0.000197 0.007137 0.134660 -9.749184
199290.268000 -0.000491 0.000867 -0.001474 -0.008911 0.128364 -9.727734
199290.276000 -0.000051 0.001253 -0.000738 -0.045248 0.166868 -9.712268
199290.284000 -0.001290 0.000578 0.001208 -0.006669 0.145757 -9.729340
199290.292000 -0.001789 -0.000230 0.001827 -0.009621 0.152969 -9.715706
199290.300000 0.000904 -0.000585 -0.001219 0.003680 0.114316 -9.763798
199290.308000 -0.002145 0.000811 0.000109 -0.010294 0.127654 -9.749635
199290.316000 0.000478 0.002882 0.002491 0.030059 0.163935 -9.790861
199290.324000 -0.002586 0.001498 0.000718 -0.011321 0.129485 -9.720417
199290.332000 -0.001430 0.002207 0.000143 -0.017598 0.163767 -9.721445
199290.340000 0.002026 0.000734 -0.000247 0.041810 0.117771 -9.732181
199290.348000 -0.000625 -0.000597 0.003946 -0.008444 0.139555 -9.713394
199290.356000 0.000951 -0.000931 0.001141 0.025314 0.135894 -9.746363
199290.364000 -0.001345 0.001050 0.001578 -0.038597 0.110635 -9.733787
199290.372000 -0.001110 0.000444 -0.000844 -0.006968 0.149195 -9.772496
199290.380000 -0.002889 -0.000476 -0.000584 -0.026117 0.079399 -9.761457
199290.388000 -0.000770 0.000440 0.000717 0.008612 0.144058 -9.698310
199290.396000 0.002029 0.001796 0.000311 0.037663 0.164775 -9.719966
199290.404000 0.000756 0.002176 0.001481 0.005997 0.143833 -9.724707
199290.412000 -0.000894 0.000856 -0.000581 -0.056494 0.175873 -9.708213
199290.420000 -0.000363 -0.002104 0.000329 -0.024922 0.132829 -9.715853
199290.428000 -0.001607 -0.000262 -0.001485 0.003755 0.147252 -9.691493
199290.436000 -0.000457 0.001663 0.002561 -0.000056 0.118893 -9.729977
199290.444000 -0.001400 0.000034 0.001714 0.040316 0.146504 -9.676272
199290.452000 0.001524 -0.000559 -0.000664 -0.021765 0.157565 -9.730653
199290.460000 0.000696 0.001779 0.001515 -0.011041 0.079642 -9.700945
199290.468000 -0.002925 0.002853 0.000940 -0.072617 0.140582 -9.691611
199290.476000 -0.001095 -0.000031 0.000909 -0.001607 0.093821 -9.724541
199290.484000 0.000341 -0.001469 0.000362 -0.001719 0.118556 -9.746510
199290.492000 0.000975 0.001666 0.003512 -0.025034 0.123376 -9.737842
199290.500000 -0.000217 0.000093 -0.000062 -0.021148 0.150148 -9.716734
199290.508000 -0.001138 -0.000597 0.001268 -0.000635 0.129709 -9.719741
199290.516000 -0.001578 -0.001165 0.001142 0.007940 0.094344 -9.732279
199290.524000 0.000702 -0.000277 0.002051 -0.023801 0.150278 -9.698927
199290.532000 -0.002725 -0.001888 0.001348 -0.031479 0.134941 -9.726451
199290.540000 0.000990 -0.000314 0.001828 0.028060 0.106955 -9.708967
199290.548000 0.000695 0.001393 0.002026 -0.008668 0.146243 -9.700504
199290.556000 0.000248 0.002344 0.000016 -0.008052 0.104657 -9.739154
199290.564000 -0.000809 0.001505 0.002415 -0.021354 0.160330 -9.688956
199290.572000 -0.000504 0.000153 -0.000356 0.012311 0.097184 -9.746070
199290.580000 -0.001223 -0.000137 -0.000734 0.003905 0.120388 -9.730369
199290.588000 -0.000825 -0.000479 -0.000103 0.024361 0.126981 -9.717067
199290.596000 -0.002052 -0.003183 0.001947 -0.011228 0.128589 -9.740369
199290.604000 -0.000048 0.003377 0.001956 -0.007211 0.118426 -9.770468
199290.612000 0.000911 0.001535 0.002268 0.001663 0.137276 -9.769234
199290.620000 -0.000766 0.001455 0.000166 -0.012013 0.179030 -9.706518
199290.628000 0.000609 -0.001786 -0.000040 0.025034 0.142730 -9.775111
199290.636000 -0.000642 0.001856 0.002090 0.053636 0.099053 -9.706626
199290.644000 -0.000551 -0.000056 0.001505 0.002447 0.155323 -9.721739
199290.652000 0.000818 -0.000680 -0.000374 0.025819 0.108038 -9.730466
199290.660000 -0.000298 0.001269 -0.000994 -0.006389 0.178115 -9.726225
199290.668000 -0.001911 -0.000903 0.001553 0.000280 0.121302 -9.737176
199290.676000 -0.001129 0.002281 -0.001599 0.000224 0.102788 -9.721201
199290.684000 -0.000489 0.000046 0.001373 -0.003923 0.101332 -9.727136
199290.692000 -0.001974 0.000094 0.002882 -0.006520 0.101126 -9.721553
199290.700000 -0.001489 -0.002316 -0.000364 -0.000560 0.170100 -9.718262
199290.708000 -0.000664 0.001241 0.001680 0.020494 0.109906 -9.713149
199290.716000 -0.000040 0.000813 0.000293 -0.002242 0.162720 -9.724805
199290.724000 0.001681 -0.000297 -0.000177 -0.041250 0.138919 -9.709976
199290.732000 0.001451 0.000903 0.002089 0.033123 0.127449 -9.743053
199290.740000 0.001825 0.002337 0.000795 -0.011022 0.124889 -9.730731
199290.748000 0.000652 -0.001051 0.000049 -0.003026 0.129542 -9.729360
199290.756000 0.000150 0.000856 0.001418 -0.015543 0.114689 -9.722973
199290.764000 -0.001517 0.000951 0.001221 0.030172 0.105516 -9.714011
199290.772000 0.002095 0.001937 0.001535 0.028957 0.114036 -9.709016
199290.780000 -0.001277 0.004481 0.000240 -0.003026 0.136771 -9.710661
199290.788000 -0.001155 0.001095 0.001858 -0.025576 0.095372 -9.738812
199290.796000 -0.000134 0.002460 0.002206 -0.010817 0.116015 -9.718027
199290.804000 -0.000324 0.000833 0.000993 -0.024417 0.106599 -9.725030
199290.812000 -0.000099 0.000319 -0.000750 -0.021839 0.166420 -9.751094
199290.820000 -0.001364 0.003564 -0.000193 -0.004820 0.172585 -9.740908
199290.828000 0.000102 -0.000125 0.002236 0.021653 0.096437 -9.734375
199290.836000 -0.000322 0.001180 0.000051 -0.008556 0.132120 -9.755032
199290.844000 -0.000501 -0.001028 0.000914 -0.027500 0.094942 -9.713815
199290.852000 0.001987 0.000321 -0.000210 0.002896 0.183682 -9.735393
199290.860000 -0.002313 -0.000886 0.001534 -0.009266 0.103424 -9.761007
199290.868000 0.000495 -0.001470 0.001574 0.011508 0.136660 -9.694069
199290.876000 -0.000176 -0.000783 0.001632 0.013843 0.140265 -9.737039
199290.884000 0.000961 -0.000023 0.001581 0.003531 0.099370 -9.733620
199290.892000 -0.001068 0.001148 0.002078 0.039232 0.106618 -9.725647
199290.900000 -0.000157 0.001540 0.000401 0.039251 0.132624 -9.727890
199290.908000 0.001221 -0.000815 0.001350 0.014310 0.109066 -9.729722
199290.916000 -0.002101 -0.000013 0.000948 -0.021466 0.152053 -9.751760
199290.924000 0.000072 0.002524 0.001080 -0.007660 0.123637 -9.720623
199290.932000 0.000141 0.004136 0.000283 0.001495 0.124908 -9.763181
199290.940000 0.000254 -0.002632 0.001444 -0.010051 0.132680 -9.746256
199290.948000 -0.000760 0.002901 0.000787 0.008351 0.117248 -9.724110
199290.956000 -0.000598 -0.000777 -0.001348 0.019990 0.135744 -9.750605
199290.964000 0.000375 -0.000619 0.000943 -0.003101 0.116184 -9.735491
199290.972000 0.000798 0.002069 0.001873 -0.010200 0.140302 -9.751946
199290.980000 0.001443 0.000800 -0.000380 -0.003774 0.118164 -9.709839
199290.988000 -0.000000 -0.000602 -0.000052 0.002036 0.148335 -9.695901
199290.996000 0.001781 -0.000647 -0.000166 -0.013974 0.159993 -9.723737
199291.004000 0.001677 -0.000403 -0.000646 -0.043398 0.109216 -9.723924
199291.012000 0.000052 0.002057 0.001876 0.007566 0.149830 -9.721406
199291.020000 0.000246 0.001573 0.002190 -0.018551 0.155191 -9.740869
199291.028000 0.002094 -0.001212 -0.000372 -0.018084 0.155510 -9.725089
199291.036000 0.002098 0.000014 0.001339 -0.005138 0.135744 -9.730555
199291.044000 -0.000650 0.001892 0.001733 -0.020083 0.109813 -9.747392
199291.052000 0.000944 0.000000 0.000595 0.012536 0.121059 -9.755198
199291.060000 -0.000718 -0.002284 -0.001622 -0.010032 0.140228 -9.739243
199291.068000 0.003567 0.001423 0.001339 -0.021727 0.129205 -9.740085
199291.076000 -0.000410 -0.001562 0.000120 0.008220 0.128869 -9.739174
199291.084000 -0.000545 0.002813 -0.000802 0.019859 0.137630 -9.733581
199291.092000 0.001991 -0.001211 0.001794 -0.011994 0.110486 -9.719908
199291.100000 0.000111 0.001907 0.003043 0.015245 0.128383 -9.716842
199291.108000 -0.000982 -0.000191 -0.000916 -0.032469 0.152632 -9.729742
199291.116000 -0.002463 0.001650 -0.000034 -0.020139 0.113307 -9.698966
199291.124000 0.001031 0.000610 0.001130 -0.008388 0.137855 -9.694539
199291.132000 -0.001684 -0.001138 0.001186 0.020195 0.095914 -9.739527
199291.140000 -0.001647 -0.000050 -0.000508 -0.012330 0.127524 -9.734443
199291.148000 0.000688 0.000981 -0.000446 0.030377 0.155901 -9.719839
199291.156000 -0.000642 -0.000755 0.001944 -0.009827 0.097950 -9.727910
199291.164000 0.001385 0.000936 0.001207 -0.034450 0.136211 -9.739399
199291.172000 0.000443 0.000839 0.001136 0.045285 0.143908 -9.742220
199291.180000 -0.002526 -0.000198 0.000249 0.011844 0.116538 -9.705137
199291.188000 -0.000163 0.000502 -0.000251 -0.012573 0.133222 -9.748998
199291.196000 0.000338 0.001652 -0.001579 -0.000467 0.119117 -9.704216
199291.204000 -0.000803 -0.000709 -0.000506 0.008089 0.125637 -9.754993
199291.212000 0.000392 -0.000641 0.001882 0.049227 0.109271 -9.732200
199291.220000 0.001214 -0.000417 0.001322 -0.042707 0.143440 -9.696723
199291.228000 0.000499 0.001625 0.001529 -0.003269 0.126552 -9.747490
199291.236000 0.000411 -0.001457 0.000076 0.032731 0.132643 -9.710123
199291.244000 0.000159 0.002952 0.000105 -0.037121 0.139088 -9.771918
199291.252000 0.000728 0.001223 0.000608 -0.020662 0.133707 -9.718321
199291.260000 0.002501 0.000212 0.001422 0.011284 0.133558 -9.716421
199291.268000 0.001152 0.001306 0.000803 -0.006595 0.084331 -9.758117
199291.276000 -0.000713 -0.000567 0.001648 -0.007024 0.140377 -9.716636
199291.284000 0.001530 -0.001975 -0.000543 -0.018570 0.141721 -9.752975
199291.292000 0.000662 0.000843 -0.000032 -0.024660 0.104470 -9.724766
199291.300000 0.001522 0.001148 0.002339 -0.018140 0.169353 -9.717126
199291.308000 -0.001348 -0.000905 0.003311 0.029125 0.126944 -9.749743
199291.316000 0.000946 -0.001301 0.002493 0.002765 0.152016 -9.689142
199291.324000 0.001515 0.001241 -0.000932 0.003550 0.110318 -9.758186
199291.332000 -0.001534 -0.001323 -0.001977 0.071104 0.128252 -9.762505
199291.340000 0.001350 0.001390 0.002024 -0.031255 0.110373 -9.744160
199291.348000 0.001547 -0.000262 0.001984 -0.028322 0.119098 -9.691924
199291.356000 0.000894 0.001382 -0.000144 -0.011265 0.137817 -9.708810
199291.364000 0.000029 0.002318 -0.000325 -0.003774 0.100846 -9.733395
199291.372000 0.003353 0.000636 0.001762 -0.012162 0.127038 -9.708066
199291.380000 -0.000406 -0.001259 -0.000182 -0.031647 0.165897 -9.754718
199291.388000 -0.001137 0.000274 -0.000729 0.023894 0.109906 -9.723894
199291.396000 -0.002129 0.002512 0.001789 -0.004652 0.155901 -9.727704
199291.404000 0.001858 0.000520 0.001144 -0.004166 0.109794 -9.701827
199291.412000 -0.000568 0.000115 -0.002197 -0.020644 0.157172 -9.728302
199291.420000 -0.001786 0.001580 0.004116 0.008482 0.143366 -9.735550
199291.428000 0.000088 -0.000668 -0.001726 0.007491 0.098193 -9.683070
199291.436000 0.002024 -0.000027 0.000101 -0.044575 0.130942 -9.741623
199291.444000 0.001272 0.001233 0.001149 0.036056 0.114559 -9.678104
199291.452000 -0.001554 0.000784 -0.001649 -0.007529 0.149512 -9.682511
199291.460000 -0.000538 0.002940 0.001014 -0.004035 0.122573 -9.765160
199291.468000 -0.001074 -0.000522 0.000497 -0.025669 0.108094 -9.724707
199291.476000 -0.000207 0.001562 0.001041 -0.042931 0.129728 -9.708399
199291.484000 -0.000850 0.000460 0.001772 -0.003064 0.130046 -9.752955
199291.492000 -0.000330 0.000886 0.000224 -0.032189 0.128346 -9.758362
199291.500000 -0.000862 0.000568 -0.000442 -0.027257 0.104937 -9.739713
199291.508000 0.001221 0.001655 -0.000475 0.026790 0.135987 -9.742514
199291.516000 -0.001256 0.000722 -0.000435 0.016515 0.113886 -9.728351
199291.524000 0.000223 0.001993 0.001890 0.020980 0.157975 -9.722993
199291.532000 0.000730 0.000408 -0.000894 -0.025669 0.115455 -9.700573
199291.540000 -0.001931 0.001055 0.002385 0.004783 0.096306 -9.742759
199291.548000 -0.000870 0.002591 0.001257 -0.011900 0.115735 -9.708232
199291.556000 0.000672 0.001446 -0.001632 0.002728 0.127168 -9.700142
199291.564000 -0.002278 0.002905 -0.000387 0.035365 0.090683 -9.692002
199291.572000 -0.000634 0.002884 -0.000280 -0.002840 0.154258 -9.726676
199291.580000 -0.001024 -0.000201 0.001995 -0.004857 0.104526 -9.711425
199291.588000 0.001480 0.001435 0.001242 -0.019411 0.153753 -9.716832
199291.596000 -0.000624 -0.000274 0.002028 -0.006539 0.115511 -9.764356
199291.604000 -0.002317 0.001040 0.001272 -0.024810 0.105796 -9.723091
199291.612000 0.002152 0.001254 0.003568 0.017187 0.120518 -9.735961
199291.620000 -0.000859 -0.000409 0.001395 0.006744 0.102247 -9.727479
199291.628000 -0.003065 -0.000206 -0.001490 -0.019710 0.151157 -9.729722
199291.636000 -0.000258 0.000700 0.000584 -0.008949 0.098623 -9.720544
199291.644000 0.000005 -0.002144 0.002060 -0.020700 0.138546 -9.713149
199291.652000 -0.001467 0.001343 -0.001483 -0.048368 0.077568 -9.741897
199291.660000 -0.001011 0.001506 0.001160 -0.044370 0.117473 -9.710162
199291.668000 -0.000500 -0.000552 0.002524 -0.004409 0.159564 -9.763181
199291.676000 0.002431 0.000582 0.002306 -0.009490 0.125917 -9.708908
199291.684000 -0.000942 0.001309 0.000209 -0.009098 0.168829 -9.728801
199291.692000 0.001802 -0.001204 0.002452 -0.000112 0.083434 -9.691640
199291.700000 -0.000371 -0.000457 -0.000317 -0.031255 0.123582 -9.693697
199291.708000 -0.000251 0.001327 0.000933 -0.017991 0.136566 -9.733287
199291.716000 -0.001860 -0.000059 -0.000305 0.006894 0.070039 -9.741192
199291.724000 -0.002768 0.001116 0.000297 -0.018589 0.133763 -9.709094
199291.732000 -0.002678 0.000626 0.000588 0.002877 0.086554 -9.726059
199291.740000 -0.000838 0.002003 -0.000567 -0.003643 0.136155 -9.738146
199291.748000 0.000255 0.000357 0.001334 -0.012367 0.121638 -9.720809
199291.756000 -0.000947 0.001534 -0.000771 -0.012405 0.112802 -9.712023
199291.764000 0.001068 0.001998 -0.000088 -0.002728 0.162665 -9.755237
199291.772000 0.000812 0.000086 0.000603 0.017991 0.086442 -9.711298
199291.780000 -0.000766 0.000485 -0.000049 -0.039120 0.141217 -9.727136
199291.788000 -0.001145 -0.001064 -0.001056 -0.038429 0.102452 -9.702963
199291.796000 -0.000532 0.000035 -0.001178 0.021653 0.118967 -9.704941
199291.804000 -0.000217 0.001337 0.001435 -0.028453 0.106058 -9.710622
199291.812000 -0.001622 -0.000667 0.000584 0.036243 0.129560 -9.725461
199291.820000 0.000855 -0.001908 0.002980 -0.000579 0.146168 -9.709878
199291.828000 -0.001367 0.002430 0.000377 -0.011377 0.138472 -9.744777
199291.836000 0.000437 0.000800 0.000618 0.002485 0.130195 -9.737117
199291.844000 -0.001925 0.000296 -0.000259 0.019878 0.142413 -9.782251
199291.852000 -0.001398 -0.000573 0.002155 0.029499 0.121564 -9.744884
199291.860000 0.000202 0.003135 0.001870 -0.036990 0.160890 -9.725628
199291.868000 0.001381 0.000141 0.001496 0.011788 0.126421 -9.732259
199291.876000 -0.000905 0.003691 0.001481 -0.020195 0.173538 -9.731377
199291.884000 -0.000486 -0.000262 -0.000129 0.029817 0.107590 -9.762691
199291.892000 0.000413 0.002305 0.001617 0.052945 0.108767 -9.709613
199291.900000 -0.001522 0.001692 0.001182 -0.024436 0.115231 -9.755913
199291.908000 -0.000769 -0.001274 0.001636 0.006894 0.089973 -9.723943
199291.916000 0.001758 -0.000144 0.000618 -0.010107 0.137949 -9.725980
199291.924000 -0.000089 -0.001153 0.002236 -0.001140 0.121938 -9.739468
199291.932000 -0.000522 0.000719 -0.000423 -0.003830 0.129355 -9.709613
199291.940000 0.000141 0.000067 -0.001956 0.004839 0.107515 -9.797610
199291.948000 0.001570 -0.000362 -0.000501 0.020307 0.129691 -9.727851
199291.956000 0.001225 -0.000941 0.000853 -0.034487 0.152127 -9.730408
199291.964000 0.000564 0.001389 0.001237 0.021933 0.117267 -9.750791
199291.972000 0.000643 0.001005 0.001362 0.025557 0.143235 -9.717723
199291.980000 -0.000863 -0.001929 -0.000282 -0.051226 0.142133 -9.754042
199291.988000 -0.002038 0.004871 0.001133 -0.008893 0.117192 -9.750565
199291.996000 0.000198 0.000094 0.000378 0.002821 0.118762 -9.746667
199292.004000 0.000988 -0.000864 0.000276 -0.015301 0.110878 -9.696410
199292.012000 0.001007 0.001299 0.000888 -0.043884 0.139779 -9.727979
199292.020000 -0.000877 0.001241 0.001296 -0.012106 0.105030 -9.748606
199292.028000 0.002078 -0.000871 0.001128 -0.027313 0.138490 -9.712082
199292.036000 0.000982 0.003884 0.000805 -0.002746 0.124236 -9.718850
199292.044000 0.000389 0.000446 -0.000283 0.004913 0.106357 -9.720897
199292.052000 -0.001082 0.004594 -0.000741 -0.031834 0.132511 -9.719496
199292.060000 0.000840 0.001517 0.001431 0.033516 0.131167 -9.687144
199292.068000 0.002215 -0.003670 -0.000697 -0.037084 0.140302 -9.695440
199292.076000 -0.001528 -0.000802 0.000817 -0.020064 0.148093 -9.729565
199292.084000 -0.002078 0.000994 -0.000354 -0.006968 0.113288 -9.722787
199292.092000 0.000219 0.002541 0.001337 -0.044332 0.147850 -9.753709
199292.100000 -0.001039 -0.000377 0.000377 -0.014553 0.101350 -9.726656
199292.108000 0.000979 -0.000097 0.000473 -0.032227 0.144076 -9.726451
199292.116000 -0.000764 0.000039 -0.000562 0.001177 0.111308 -9.756971
199292.124000 -0.001129 0.000948 0.000329 -0.008220 0.108804 -9.701787
199292.132000 0.000703 -0.000650 -0.001923 -0.008594 0.121489 -9.733738
199292.140000 0.000263 -0.000339 0.001270 -0.029032 0.115605 -9.715294
199292.148000 -0.000756 -0.000208 0.000895 -0.023595 0.152352 -9.731456
199292.156000 0.001119 0.000652 -0.000457 -0.006072 0.132567 -9.707782
199292.164000 -0.000228 0.001133 0.001311 0.010836 0.097502 -9.713815
199292.172000 0.001995 0.001991 -0.000728 -0.013563 0.121564 -9.720711
199292.180000 -0.000525 0.000257 0.000839 -0.036710 0.155042 -9.708066
199292.188000 -0.000848 0.003203 0.001973 -0.025127 0.121396 -9.744855
199292.196000 0.001227 -0.000754 -0.000284 0.016253 0.117417 -9.742142
199292.204000 0.001674 -0.000555 -0.000104 -0.015170 0.153155 -9.671042
199292.212000 0.001000 -0.000816 0.001343 -0.000803 0.116352 -9.739037
199292.220000 0.000428 0.001619 0.001723 0.022269 0.140918 -9.681835
199292.228000 0.001042 0.001889 0.000536 -0.013339 0.138808 -9.783035
199292.236000 -0.001142 -0.000251 0.001506 0.039849 0.140527 -9.715804
199292.244000 -0.000496 0.002689 0.002422 -0.011882 0.154855 -9.714756
199292.252000 0.001041 0.000153 0.000868 -0.007753 0.110243 -9.745913
199292.260000 -0.001429 0.000773 0.000625 -0.026323 0.124945 -9.710270
199292.268000 -0.000709 0.000200 0.002610 0.019448 0.150558 -9.730731
199292.276000 0.000549 0.000709 0.001994 0.055953 0.123507 -9.749449
199292.284000 -0.001164 -0.000048 0.000785 -0.048723 0.154052 -9.772907
199292.292000 0.000010 0.001410 0.000474 0.018850 0.122947 -9.734130
199292.300000 -0.002199 0.001115 -0.000687 -0.026323 0.134903 -9.724394
199292.308000 0.000037 0.002460 0.001660 -0.011844 0.135295 -9.732651
199292.316000 0.001730 0.000932 0.003215 -0.018066 0.127673 -9.732132
199292.324000 -0.001234 -0.000030 0.002094 0.010032 0.143329 -9.743640
199292.332000 -0.000678 0.000785 0.000965 -0.001046 0.094064 -9.743807
199292.340000 0.000077 -0.000856 0.000632 -0.022213 0.159788 -9.727685
199292.348000 -0.001042 -0.001263 0.000631 -0.000187 0.133072 -9.742984
199292.356000 -0.000443 0.002498 0.000078 -0.014404 0.145776 -9.685254
199292.364000 0.000255 0.001821 0.001597 0.001102 0.124609 -9.740369
199292.372000 -0.001353 0.000425 0.000593 -0.004203 0.106506 -9.727548
199292.380000 0.001846 -0.002224 0.001564 -0.008052 0.165916 -9.719820
199292.388000 0.001382 -0.000495 -0.000425 -0.004129 0.123357 -9.761702
199292.396000 0.000181 0.002368 0.002058 -0.023035 0.168119 -9.733532
199292.404000 0.001348 0.000499 0.002254 0.007566 0.124889 -9.757559
199292.412000 -0.000022 -0.001270 0.000667 -0.018626 0.147589 -9.688339
199292.420000 0.000418 0.002765 0.000096 -0.048910 0.142600 -9.746569
199292.428000 0.000152 -0.000723 -0.000127 -0.014777 0.116445 -9.738214
199292.436000 -0.001746 -0.000570 -0.000258 -0.024399 0.158759 -9.689142
199292.444000 -0.000375 0.000296 0.000779 -0.003232 0.119023 -9.685332
199292.452000 -0.001061 -0.001369 0.000706 0.009958 0.153230 -9.719016
199292.460000 -0.002015 0.001369 0.000731 -0.007678 0.148784 -9.736765
199292.468000 0.000851 -0.000028 -0.001764 0.016422 0.154519 -9.734835
199292.476000 -0.003577 0.002100 -0.000294 -0.045976 0.130251 -9.749165
199292.484000 -0.003894 0.001746 0.002416 -0.005025 0.134941 -9.713032
199292.492000 0.000094 0.001525 0.000193 -0.020588 0.109346 -9.734913
199292.500000 -0.000051 0.000107 -0.000114 -0.013545 0.140769 -9.764601
199292.508000 -0.001101 -0.002462 -0.000000 0.015824 0.147140 -9.677820
199292.516000 -0.000371 0.001401 0.001084 -0.000747 0.178002 -9.731681
199292.524000 -0.002518 0.001718 0.002012 0.012704 0.127617 -9.735139
199292.532000 -0.000510 0.000222 0.000264 -0.044332 0.130232 -9.693139
199292.540000 -0.000952 -0.000527 0.000695 -0.012367 0.101518 -9.747078
199292.548000 -0.000605 -0.000734 0.000398 -0.031778 0.134081 -9.724080
199292.556000 0.000022 0.003337 0.003767 -0.022120 0.135651 -9.731230
199292.564000 -0.002187 0.000965 -0.001666 -0.013358 0.133614 -9.728390
199292.572000 0.000480 0.000031 0.001264 -0.022680 0.164533 -9.728527
199292.580000 0.000147 -0.001264 0.001625 0.002204 0.098567 -9.718977
199292.588000 -0.001090 0.001064 0.000488 -0.025949 0.100846 -9.716137
199292.596000 0.000962 -0.000839 -0.000047 0.027313 0.127449 -9.766149
199292.604000 -0.001804 -0.000878 0.001353 -0.013507 0.128364 -9.757745
199292.612000 -0.000685 0.000865 -0.000135 -0.046686 0.143572 -9.718507
199292.620000 -0.001355 0.002168 0.001784 0.019784 0.123246 -9.757255
199292.628000 -0.001545 0.001919 0.001049 -0.027519 0.134362 -9.715598
199292.636000 0.002495 0.001963 0.000597 0.006856 0.122143 -9.700984
199292.644000 0.001834 -0.000063 0.001646 -0.014833 0.123208 -9.697321
199292.652000 -0.001865 0.001810 0.000116 0.047322 0.138434 -9.717018
199292.660000 -0.002071 -0.000214 0.001467 0.001196 0.100285 -9.680925
199292.668000 0.000644 0.000674 -0.000214 -0.003176 0.162235 -9.712248
199292.676000 -0.001212 0.000584 0.000613 0.000523 0.115325 -9.761496
199292.684000 -0.000573 -0.000252 0.001535 -0.030807 0.129989 -9.658896
199292.692000 -0.000180 -0.001973 -0.001052 -0.020550 0.110168 -9.758959
199292.700000 -0.000882 -0.000312 0.000638 0.042744 0.117622 -9.701229
199292.708000 -0.002879 0.002999 -0.000879 -0.028565 0.184205 -9.737979
199292.716000 -0.000937 0.003361 0.000997 0.015656 0.114166 -9.726842
199292.724000 -0.001401 0.001986 0.001065 -0.035533 0.144394 -9.736539
199292.732000 0.000836 0.000243 -0.000037 -0.028042 0.111475 -9.769009
199292.740000 0.001861 0.002014 0.004061 -0.028864 0.150558 -9.688036
199292.748000 -0.000319 -0.000183 0.000697 -0.043735 0.138995 -9.759439
199292.756000 0.000298 -0.002243 -0.000380 -0.001457 0.115399 -9.730261
199292.764000 -0.000492 -0.000819 0.000014 -0.008463 0.102825 -9.735305
199292.772000 0.000125 0.000541 -0.001629 -0.001364 0.108169 -9.719908
199292.780000 0.000320 -0.000089 0.001293 -0.022138 0.130868 -9.734071
199292.788000 -0.000528 0.000754 0.000673 0.013302 0.148784 -9.775581
199292.796000 -0.000003 0.001468 0.000615 0.036523 0.158199 -9.709956
199292.804000 -0.001170 0.000390 0.000900 -0.071683 0.197768 -9.725687
199292.812000 -0.001144 -0.000456 -0.000907 -0.019840 0.104320 -9.713237
199292.820000 -0.002031 -0.000473 0.000910 -0.030620 0.149438 -9.724002
199292.828000 0.000436 -0.000146 -0.000732 0.028976 0.156556 -9.756413
199292.836000 -0.000760 0.001300 -0.000847 -0.010014 0.132474 -9.753612
199292.844000 -0.000418 -0.001188 -0.000093 -0.002036 0.149120 -9.745355
199292.852000 -0.001973 -0.001617 0.002276 -0.010238 0.129485 -9.708536
199292.860000 0.000529 -0.000096 -0.000425 -0.004540 0.136902 -9.748342
199292.868000 0.001821 0.001936 0.001692 0.017243 0.098959 -9.714325
199292.876000 0.002604 -0.000585 0.000059 0.047677 0.104003 -9.694657
199292.884000 0.000091 0.000007 0.002101 -0.000280 0.131260 -9.742778
199292.892000 0.000098 0.001911 0.000997 0.034450 0.078782 -9.712493
199292.900000 -0.002116 0.003878 0.002411 0.001345 0.167783 -9.697047
199292.908000 -0.000966 -0.000055 0.003488 0.008257 0.111718 -9.721651
199292.916000 -0.000334 -0.001442 -0.000079 -0.018962 0.131503 -9.742778
199292.924000 -0.000342 0.000330 0.002246 0.052609 0.139238 -9.726304
199292.932000 -0.000707 0.002432 0.001435 0.016945 0.138173 -9.711151
199292.940000 0.000855 0.002952 0.001776 0.004390 0.127823 -9.720995
199292.948000 -0.001172 -0.000533 0.000765 0.007006 0.088628 -9.746755
199292.956000 -0.000254 0.000421 -0.000961 -0.019130 0.125431 -9.731583
199292.964000 -0.001310 0.002264 0.001431 -0.031218 0.131129 -9.763925
199292.972000 -0.000557 0.000622 0.000683 0.006744 0.134230 -9.708330
199292.980000 -0.001468 0.000462 0.000370 0.006221 0.122647 -9.708663
199292.988000 0.000681 0.001136 -0.000114 0.011004 0.119509 -9.738665
199292.996000 0.000275 0.001552 0.000272 -0.025501 0.124590 -9.738420
199293.004000 -0.001778 0.000823 0.002314 0.008108 0.123507 -9.721553
199293.012000 -0.001587 0.001823 0.000167 0.008893 0.141330 -9.721984
199293.020000 -0.001913 0.001873 0.000806 0.025837 0.101145 -9.772368
199293.028000 -0.000226 0.000375 0.000777 0.021428 0.134847 -9.719477
199293.036000 -0.000604 -0.000924 0.001304 -0.026883 0.143665 -9.741211
199293.044000 -0.001209 0.000623 -0.000235 -0.006296 0.130924 -9.715226
199293.052000 0.000236 -0.001548 -0.000412 -0.045902 0.104040 -9.704442
199293.060000 0.002680 -0.001256 0.001028 -0.009901 0.123974 -9.719428
199293.068000 0.001077 -0.001514 0.002360 0.003064 0.143216 -9.725549
199293.076000 -0.002305 -0.001611 -0.000831 -0.011527 0.157190 -9.769254
199293.084000 0.000487 0.000329 0.000774 0.017673 0.125449 -9.717224
199293.092000 -0.001012 0.003466 0.001154 -0.009322 0.138733 -9.689681
199293.100000 -0.002599 -0.001064 -0.000284 -0.010163 0.108786 -9.696968
199293.108000 0.000522 -0.000195 0.001088 -0.018757 0.133876 -9.704941
199293.116000 -0.002707 0.002298 0.000102 0.004334 0.105049 -9.710348
199293.124000 0.000064 0.002350 0.001750 -0.020494 0.120293 -9.733287
199293.132000 -0.001577 -0.000690 0.000795 -0.041642 0.134511 -9.727890
199293.140000 0.001593 -0.000425 -0.001368 -0.001028 0.093186 -9.712601
199293.148000 -0.000272 0.000359 0.001256 -0.019485 0.126384 -9.704961
199293.156000 -0.001105 0.004600 -0.001794 0.002989 0.120349 -9.760938
199293.164000 -0.002317 -0.001282 0.003276 -0.005941 0.120088 -9.702737
199293.172000 -0.000605 0.000964 0.001725 0.010724 0.142843 -9.740594
199293.180000 0.001006 0.001546 -0.000515 0.060418 0.144225 -9.720211
199293.188000 0.001679 -0.000301 -0.000505 -0.043342 0.122909 -9.747519
199293.196000 -0.001834 0.001119 0.001489 0.024492 0.112933 -9.748303
199293.204000 -0.000172 0.001388 0.000550 0.000691 0.136417 -9.728527
199293.212000 -0.000795 -0.000923 -0.000067 0.010088 0.119752 -9.754454
199293.220000 0.001848 0.000879 -0.001081 -0.016123 0.151380 -9.734482
199293.228000 -0.000818 0.000175 0.000440 0.004091 0.159862 -9.706704
199293.236000 0.000874 0.001219 0.000516 -0.009117 0.086236 -9.711112
199293.244000 -0.000900 0.000435 0.001026 0.016235 0.138097 -9.704667
199293.252000 -0.001400 -0.000393 0.001177 0.015226 0.089786 -9.753132
199293.260000 0.000753 -0.001686 0.002566 0.017654 0.105162 -9.727871
199293.268000 -0.000832 -0.000324 -0.000053 -0.017711 0.157303 -9.759782
199293.276000 0.001449 0.001529 -0.001692 0.015301 0.150278 -9.718301
199293.284000 -0.000825 0.000077 0.000598 -0.003849 0.142003 -9.729193
199293.292000 0.001718 -0.001060 0.001306 -0.022493 0.141797 -9.745452
199293.300000 0.001429 0.000084 0.000361 -0.004951 0.130699 -9.738204
199293.308000 -0.001621 0.001187 -0.000738 0.015375 0.169315 -9.752975
199293.316000 0.002426 0.000778 0.002396 0.007435 0.098940 -9.738577
199293.324000 0.000221 0.000977 0.000062 -0.022306 0.152370 -9.735775
199293.332000 -0.001034 0.001119 -0.002274 0.003830 0.092364 -9.741192
199293.340000 0.001311 0.001272 0.000956 -0.004446 0.150185 -9.708350
199293.348000 -0.000025 -0.000411 0.001016 0.034599 0.128663 -9.715128
199293.356000 -0.001326 -0.001084 0.002425 0.003437 0.128196 -9.734218
199293.364000 0.000827 0.002082 0.000157 -0.019952 0.126907 -9.736627
199293.372000 -0.000654 0.000750 0.002061 -0.001943 0.105535 -9.749263
199293.380000 0.001247 -0.000276 0.000699 0.009360 0.116856 -9.759312
199293.388000 -0.000078 -0.002630 0.000910 -0.031815 0.124479 -9.782271
199293.396000 -0.001131 0.000797 0.003576 0.026902 0.169595 -9.740780
199293.404000 -0.000673 0.002205 0.001502 -0.012592 0.174098 -9.724639
199293.412000 0.000066 -0.001812 0.000165 -0.011807 0.076615 -9.748959
199293.420000 0.001194 -0.002842 0.000663 -0.066041 0.169315 -9.719800
199293.428000 -0.002031 0.000344 0.001515 -0.032525 0.132661 -9.715128
199293.436000 -0.001476 0.000358 -0.000117 -0.027500 0.140975 -9.738204
199293.444000 0.001293 0.001286 0.000166 -0.022549 0.147719 -9.742867
199293.452000 -0.001679 -0.000565 0.000496 0.017113 0.112092 -9.717616
199293.460000 -0.000607 0.001294 -0.001294 0.018663 0.141871 -9.705118
199293.468000 -0.000434 -0.003725 0.002524 -0.029163 0.116968 -9.710887
199293.476000 0.000315 0.000654 0.000282 0.004372 0.150690 -9.715539
199293.484000 -0.000651 -0.000584 0.001196 -0.014161 0.128271 -9.700700
199293.492000 0.001176 -0.001064 0.000168 -0.016795 0.140265 -9.703247
199293.500000 -0.000215 -0.001138 -0.000581 -0.015730 0.140022 -9.777991
199293.508000 -0.000395 -0.000513 0.003294 0.002765 0.140620 -9.747617
199293.516000 0.000298 -0.003154 0.000668 -0.068974 0.157732 -9.738165
199293.524000 -0.001040 0.000658 0.003760 0.000953 0.121638 -9.789372
199293.532000 0.003340 -0.000271 -0.001205 -0.000822 0.179890 -9.769489
199293.540000 0.001028 -0.000118 0.000254 0.012293 0.122909 -9.746403
199293.548000 -0.001360 0.001439 0.000709 0.022699 0.121078 -9.748685
199293.556000 -0.000230 0.002110 0.002033 -0.042576 0.149026 -9.738890
199293.564000 -0.001190 -0.000763 0.001545 -0.014908 0.105909 -9.728880
199293.572000 0.002508 0.001273 -0.000146 -0.041904 0.149438 -9.700837
199293.580000 -0.001397 0.001679 0.000739 -0.040372 0.107590 -9.736686
199293.588000 -0.001219 0.001524 -0.000310 0.001326 0.145757 -9.714041
199293.596000 0.001409 0.001995 0.001305 0.011658 0.138191 -9.728184
199293.604000 -0.000140 -0.000427 0.002732 -0.003026 0.123993 -9.772741
199293.612000 0.000270 0.003620 -0.000147 -0.004988 0.132400 -9.751114
199293.620000 0.000136 -0.000314 0.002614 -0.005493 0.105423 -9.776727
199293.628000 -0.000201 -0.000353 -0.000136 0.040204 0.113960 -9.746383
199293.636000 -0.001588 -0.002742 0.000607 -0.020849 0.131185 -9.796826
199293.644000 0.000349 0.001868 0.002478 0.054458 0.136136 -9.759126
199293.652000 0.001486 -0.002479 -0.000413 -0.049470 0.133409 -9.758862
199293.660000 -0.000745 -0.003241 0.000082 0.024847 0.111849 -9.814261
199293.668000 0.000868 -0.000012 0.001142 0.020662 0.129598 -9.765630
199293.676000 -0.000933 0.003186 -0.000092 -0.008351 0.123563 -9.786179
199293.684000 -0.000282 -0.000600 0.000834 0.020961 0.096997 -9.770429
199293.692000 0.001197 -0.003018 0.000970 -0.018308 0.155846 -9.778030
199293.700000 -0.000111 -0.003105 -0.001490 0.023764 0.133913 -9.760977
199293.708000 -0.000849 -0.003288 0.001209 -0.016216 0.164551 -9.738763
199293.716000 0.001050 -0.001944 0.000676 0.020793 0.097221 -9.759812
199293.724000 -0.002254 -0.002449 0.001514 0.019504 0.159918 -9.702796
199293.732000 -0.001201 -0.002407 -0.000072 -0.020139 0.119192 -9.770762
199293.740000 -0.001653 -0.002046 -0.000649 -0.056027 0.086479 -9.730261
199293.748000 0.000009 0.000003 0.000885 -0.022418 0.134978 -9.759087
199293.756000 0.000989 -0.000798 0.001076 -0.036542 0.120649 -9.724521
199293.764000 -0.001097 0.000732 0.001504 -0.054290 0.119247 -9.736480
199293.772000 -0.000022 -0.001745 0.002420 -0.049470 0.127598 -9.694618
199293.780000 -0.002534 -0.000443 -0.001339 -0.022699 0.124199 -9.707547
199293.788000 0.001226 -0.003836 0.002041 -0.032675 0.119715 -9.697899
199293.796000 -0.000176 -0.001169 0.000460 -0.043884 0.114857 -9.714158
199293.804000 -0.002447 0.000275 0.002372 -0.042651 0.110130 -9.723238
199293.812000 -0.001639 0.000488 0.000569 0.004614 0.100304 -9.719222
199293.820000 -0.001013 0.000152 0.002438 -0.013657 0.132007 -9.669651
199293.828000 -0.001327 -0.000509 0.001171 -0.058120 0.139462 -9.760615
199293.836000 -0.000757 -0.000718 0.000625 -0.025034 0.120892 -9.710387
199293.844000 -0.000872 0.001271 0.000039 -0.049152 0.119583 -9.727499
199293.852000 -0.001580 -0.001394 0.000442 -0.051843 0.085657 -9.764484
199293.860000 -0.000989 0.001507 0.002051 -0.016272 0.161899 -9.744551
199293.868000 -0.001932 -0.001282 0.000748 -0.024249 0.099967 -9.759851
199293.876000 0.001199 -0.001199 -0.000983 0.038616 0.134492 -9.746510
199293.884000 -0.000669 -0.001222 0.001837 -0.030097 0.111065 -9.735991
199293.892000 -0.001002 0.000453 0.000374 -0.009976 0.087955 -9.726803
199293.900000 -0.000690 -0.001469 0.001802 -0.048088 0.120742 -9.764151
199293.908000 -0.002967 -0.001616 0.000772 0.005642 0.121527 -9.774758
199293.916000 -0.000235 -0.003033 -0.000267 -0.053449 0.152557 -9.711651
199293.924000 -0.000091 -0.004240 0.002857 0.007921 0.148036 -9.706890
199293.932000 0.000225 -0.002462 -0.000275 0.017879 0.133876 -9.751466
199293.940000 -0.000823 0.000259 0.000331 -0.017038 0.178264 -9.704755
199293.948000 -0.000529 -0.000521 0.001043 0.004988 0.126215 -9.705764
199293.956000 -0.002818 0.000837 0.002012 -0.000523 0.131708 -9.720505
199293.964000 -0.002320 -0.001252 0.001566 -0.031647 0.129223 -9.705265
199293.972000 -0.000474 0.000324 -0.000002 0.012779 0.154762 -9.697027
199293.980000 -0.001086 -0.002818 -0.000107 -0.027500 0.161992 -9.745560
199293.988000 -0.001579 0.000283 0.001021 -0.012125 0.135632 -9.685401
199293.996000 0.001404 -0.000717 0.000409 -0.024586 0.159059 -9.678564
199294.004000 -0.002251 -0.000749 -0.002487 0.017412 0.111513 -9.741192
199294.012000 -0.000359 -0.002429 -0.000438 0.033179 0.104919 -9.718860
199294.020000 -0.000836 0.001137 0.002101 -0.012274 0.132606 -9.701748
199294.028000 -0.002448 0.000678 0.002649 0.000037 0.076746 -9.716715
199294.036000 -0.001754 0.000497 -0.001462 -0.027519 0.143273 -9.682247
199294.044000 0.001451 -0.002117 -0.001762 0.009229 0.126365 -9.678887
199294.052000 0.002533 -0.000399 -0.000876 0.016758 0.159321 -9.708967
199294.060000 0.000432 -0.000066 -0.000590 -0.021858 0.173425 -9.662647
199294.068000 -0.001492 0.001876 0.002231 -0.005810 0.129785 -9.700818
199294.076000 0.002812 0.001954 0.000467 -0.026678 0.152912 -9.715706
199294.084000 -0.001107 -0.000156 0.000163 0.008743 0.138322 -9.721259
199294.092000 0.000648 -0.000401 0.001476 0.003251 0.162795 -9.691023
199294.100000 0.000485 0.001350 0.000954 0.014721 0.146523 -9.700906
199294.108000 -0.000158 0.001475 0.000926 0.019448 0.131988 -9.692375
199294.116000 0.001370 -0.000084 0.001348 0.013432 0.140171 -9.687624
199294.124000 -0.001032 0.002860 0.001413 -0.012722 0.090197 -9.676909
199294.132000 0.000168 0.002630 -0.000740 -0.013339 0.133203 -9.696988
199294.140000 -0.000780 -0.000617 -0.000976 0.016291 0.115082 -9.717332
199294.148000 -0.000260 0.001496 0.001064 0.021765 0.121396 -9.695078
199294.156000 0.000403 0.002478 0.001013 -0.005119 0.122218 -9.739507
199294.164000 0.000510 0.000383 0.001278 0.039755 0.105927 -9.746305
199294.172000 0.001191 0.000331 0.000660 -0.038709 0.126870 -9.721465
199294.180000 0.000790 0.001705 0.003292 0.009603 0.125488 -9.761183
199294.188000 -0.001044 0.001654 0.000644 -0.049470 0.142170 -9.757931
199294.196000 0.000363 0.000685 0.001101 -0.047247 0.107702 -9.741446
199294.204000 -0.002008 0.000020 -0.002484 -0.002896 0.104077 -9.759831
199294.212000 0.000474 -0.000038 -0.001842 -0.016608 0.111924 -9.758156
199294.220000 0.000197 -0.001414 0.001136 -0.026211 0.100883 -9.751075
199294.228000 0.003464 0.000340 0.000127 -0.042707 0.148690 -9.758323
199294.236000 -0.000281 0.000420 -0.000969 -0.011807 0.116034 -9.755649
199294.244000 -0.002404 0.002298 -0.001450 -0.020438 0.142133 -9.700426
199294.252000 -0.001799 0.000246 -0.000321 0.007734 0.117715 -9.768803
199294.260000 -0.002894 -0.000132 0.000729 -0.013601 0.115885 -9.786473
199294.268000 0.000615 -0.000431 -0.000182 -0.031573 0.149438 -9.729771
199294.276000 0.000191 -0.000415 -0.001485 -0.017075 0.096773 -9.733806
199294.284000 0.000359 0.000589 -0.000657 -0.050554 0.135202 -9.701660
199294.292000 0.000820 0.002598 0.001342 -0.021335 0.169670 -9.726411
199294.300000 -0.000039 0.000574 -0.000576 -0.025931 0.143086 -9.730035
199294.308000 -0.000339 0.001377 -0.000011 -0.012797 0.170791 -9.760448
199294.316000 -0.001975 0.001189 -0.000334 -0.041997 0.089506 -9.694520
199294.324000 -0.001342 -0.002070 -0.000412 -0.025744 0.189510 -9.716940
199294.332000 -0.003163 0.000496 0.001789 -0.021484 0.109869 -9.749498
199294.340000 -0.000033 -0.000487 0.002190 0.025538 0.131354 -9.649425
199294.348000 0.000965 -0.001864 -0.002119 -0.015637 0.144954 -9.715706
199294.356000 0.001507 0.002942 0.000107 -0.001196 0.103087 -9.722092
199294.364000 0.000537 0.003291 0.001908 -0.010313 0.157097 -9.705784
199294.372000 0.002569 -0.000182 0.000280 0.025837 0.104563 -9.780459
199294.380000 0.000163 0.000006 -0.000772 0.010088 0.120331 -9.712797
199294.388000 0.000696 0.003802 0.001166 -0.062884 0.123413 -9.744884
199294.396000 0.000184 -0.000908 -0.002118 -0.019373 0.119640 -9.728302
199294.404000 0.001239 0.002916 -0.000457 -0.016253 0.168195 -9.723963
199294.412000 0.000885 0.000027 -0.000542 0.011041 0.139480 -9.749223
199294.420000 -0.000527 0.001313 0.001022 -0.026940 0.166401 -9.728429
199294.428000 -0.000870 0.000075 -0.001177 -0.021167 0.141087 -9.741877
199294.436000 -0.001023 -0.002989 0.000109 -0.015637 0.123301 -9.737568
199294.444000 -0.001926 0.000697 -0.000591 -0.042464 0.140003 -9.725589
199294.452000 -0.001710 -0.001067 -0.000649 -0.013563 0.110429 -9.713600
199294.460000 0.002556 0.001972 0.001422 -0.043791 0.121434 -9.720456
199294.468000 0.000094 -0.001915 0.002007 0.001831 0.108356 -9.755463
199294.476000 0.000729 0.001317 -0.000112 0.010144 0.123433 -9.707615
199294.484000 -0.000048 0.004184 0.000603 -0.024698 0.108450 -9.722356
199294.492000 -0.001383 0.002704 0.001442 0.004222 0.083957 -9.687399
199294.500000 0.001486 0.000909 -0.001517 -0.044052 0.154276 -9.714658
199294.508000 -0.001280 0.000236 0.000608 -0.061370 0.103685 -9.722170
199294.516000 0.001900 -0.001928 0.001795 0.003550 0.130942 -9.707037
199294.524000 -0.000214 0.000198 0.000459 -0.017617 0.107627 -9.720280
199294.532000 -0.000118 0.000317 0.002772 -0.026304 0.130475 -9.712121
199294.540000 -0.000329 -0.001083 0.002306 -0.074074 0.162945 -9.765385
199294.548000 -0.000320 0.002052 0.001802 -0.017262 0.111905 -9.720672
199294.556000 0.000101 -0.000693 0.000523 -0.002036 0.181142 -9.726000
199294.564000 -0.000054 0.000752 0.002847 -0.013096 0.122124 -9.716009
199294.572000 0.002752 -0.001780 -0.001195 -0.048517 0.157079 -9.727175
199294.580000 -0.000161 0.001186 -0.000165 -0.041101 0.193004 -9.754944
199294.588000 0.000019 0.001421 0.002724 0.011153 0.088628 -9.726695
199294.596000 -0.000370 -0.000080 0.000445 -0.000262 0.151530 -9.736970
199294.604000 -0.000214 0.002796 0.000537 -0.030302 0.067255 -9.740222
199294.612000 -0.000082 0.000146 0.001615 -0.012218 0.115082 -9.746677
199294.620000 0.000392 0.001977 0.001007 0.036561 0.124385 -9.757030
199294.628000 -0.002912 -0.002965 0.003010 0.010219 0.107590 -9.718448
199294.636000 0.002125 0.001505 0.000684 -0.015338 0.150391 -9.726558
199294.644000 0.001855 -0.000896 0.001444 0.023016 0.106992 -9.713561
199294.652000 0.000773 -0.000395 -0.000070 -0.018888 0.126104 -9.710740
199294.660000 0.000100 0.000096 0.000030 -0.011134 0.120686 -9.754140
199294.668000 0.002074 -0.000899 0.001022 0.004540 0.129448 -9.721798
199294.676000 0.000663 -0.000248 -0.002467 -0.024698 0.139238 -9.713218
199294.684000 0.000496 0.001191 -0.000217 0.009958 0.123003 -9.698144
199294.692000 -0.000292 0.002046 0.001190 -0.010574 0.130419 -9.727322
199294.700000 -0.002213 0.002144 0.002923 0.000542 0.122480 -9.727107
199294.708000 -0.000823 0.002463 -0.001011 -0.022007 0.116725 -9.663402
199294.716000 0.000756 0.000784 0.002263 0.006669 0.134043 -9.698692
199294.724000 -0.001009 0.001332 0.000195 0.029723 0.111495 -9.720260
199294.732000 -0.001776 -0.000056 -0.000723 -0.050423 0.133203 -9.705989
199294.740000 -0.001800 0.000823 -0.000985 -0.007641 0.094288 -9.737999
199294.748000 -0.003049 0.000698 0.000938 -0.036673 0.107907 -9.709839
199294.756000 -0.000658 0.000625 0.000641 -0.047210 0.160367 -9.704628
199294.764000 0.000649 0.001584 0.000551 -0.010499 0.147346 -9.744218
199294.772000 0.000111 0.000145 0.003134 -0.006726 0.171202 -9.747284
199294.780000 -0.000399 -0.001077 -0.000077 0.000915 0.104115 -9.695734
199294.788000 -0.000213 0.001415 -0.000226 -0.015188 0.147830 -9.762280
199294.796000 -0.000014 0.001736 -0.003148 -0.007902 0.161917 -9.771174
199294.804000 -0.000012 -0.000003 -0.000504 -0.011639 0.128832 -9.708232
199294.812000 -0.000275 -0.001632 -0.000576 -0.006445 0.142507 -9.746099
199294.820000 0.000222 -0.000657 0.001274 0.002933 0.128476 -9.747500
199294.828000 0.001449 0.001892 0.000973 0.008556 0.127206 -9.768313
199294.836000 -0.000068 -0.000143 0.000239 0.004652 0.093560 -9.764219
199294.844000 -0.001801 0.000418 0.000020 0.027070 0.137817 -9.733806
199294.852000 0.000315 -0.001945 -0.001221 -0.008257 0.144262 -9.770684
199294.860000 -0.001332 0.000134 -0.000460 0.039550 0.123301 -9.752377
199294.868000 -0.000507 0.000396 0.000516 0.028434 0.126402 -9.751917
199294.876000 0.000592 0.001041 0.001385 -0.008986 0.135632 -9.765404
199294.884000 0.000700 0.000224 0.002454 -0.027668 0.114913 -9.709114
199294.892000 -0.000023 0.000494 0.000643 0.006184 0.122984 -9.755335
199294.900000 0.001880 -0.001631 0.000552 -0.029349 0.149026 -9.723551
199294.908000 0.001664 -0.000065 0.000931 -0.008837 0.170399 -9.720662
199294.916000 -0.000554 -0.000126 -0.000652 -0.015712 0.117604 -9.742778
199294.924000 0.001125 -0.002004 0.002331 0.022699 0.115586 -9.723346
199294.932000 0.001263 0.001550 0.000501 0.061688 0.086759 -9.729771
199294.940000 0.000037 0.002332 0.000507 -0.003792 0.134025 -9.732543
199294.948000 -0.001071 -0.000327 -0.002412 -0.014030 0.121638 -9.726411
199294.956000 -0.000026 0.000268 0.001421 -0.022418 0.110598 -9.730075
199294.964000 -0.001226 -0.001814 -0.001037 -0.035066 0.132680 -9.721269
199294.972000 -0.002757 -0.000570 0.002150 -0.057466 0.109122 -9.713130
199294.980000 -0.001273 0.000191 -0.000921 -0.042744 0.130121 -9.703923
199294.988000 -0.000657 -0.000063 0.003226 0.021092 0.105460 -9.749057
199294.996000 0.001362 0.001436 -0.000364 -0.019597 0.150073 -9.707361